R-Peaks (Sample Index),R-R Interval (Samples)
1100034,640.0
1100039,100.0
1100071,640.0
1100104,660.0
1100136,640.0
1100169,660.0
1100201,640.0
1100234,660.0
1100266,640.0
1100298,640.0
1100331,660.0
1100363,640.0
1100395,640.0
1100428,660.0
1100460,640.0
1100493,660.0
1100525,640.0
1100557,640.0
1100590,660.0
1100622,640.0
1100654,640.0
1100687,660.0
1100719,640.0
1100751,640.0
1100783,640.0
1100816,660.0
1100848,640.0
1100880,640.0
1100912,640.0
1100945,660.0
1100977,640.0
1101009,640.0
1101042,660.0
1101074,640.0
1101106,640.0
1101139,660.0
1101171,640.0
1101204,660.0
1101236,640.0
1101269,660.0
1101301,640.0
1101334,660.0
1101366,640.0
1101398,640.0
1101431,660.0
1101463,640.0
1101496,660.0
1101528,640.0
1101560,640.0
1101593,660.0
1101625,640.0
1101657,640.0
1101689,640.0
1101722,660.0
1101754,640.0
1101786,640.0
1101818,640.0
1101850,640.0
1101882,640.0
1101915,660.0
1101947,640.0
1101979,640.0
1102011,640.0
1102044,660.0
1102076,640.0
1102109,660.0
1102141,640.0
1102174,660.0
1102206,640.0
1102239,660.0
1102272,660.0
1102304,640.0
1102337,660.0
1102370,660.0
1102402,640.0
1102435,660.0
1102468,660.0
1102501,660.0
1102533,640.0
1102566,660.0
1102599,660.0
1102631,640.0
1102664,660.0
1102696,640.0
1102729,660.0
1102762,660.0
1102795,660.0
1102827,640.0
1102860,660.0
1102892,640.0
1102925,660.0
1102958,660.0
1102990,640.0
1103023,660.0
1103056,660.0
1103088,640.0
1103121,660.0
1103154,660.0
1103187,660.0
1103219,640.0
1103252,660.0
1103285,660.0
1103318,660.0
1103351,660.0
1103383,640.0
1103416,660.0
1103449,660.0
1103482,660.0
1103515,660.0
1103547,640.0
1103580,660.0
1103613,660.0
1103646,660.0
1103678,640.0
1103711,660.0
1103744,660.0
1103776,640.0
1103809,660.0
1103842,660.0
1103875,660.0
1103907,640.0
1103940,660.0
1103973,660.0
1104006,660.0
1104039,660.0
1104071,640.0
1104104,660.0
1104137,660.0
1104169,640.0
1104202,660.0
1104235,660.0
1104267,640.0
1104300,660.0
1104332,640.0
1104365,660.0
1104398,660.0
1104431,660.0
1104463,640.0
1104496,660.0
1104529,660.0
1104562,660.0
1104594,640.0
1104627,660.0
1104660,660.0
1104693,660.0
1104726,660.0
1104759,660.0
1104792,660.0
1104824,640.0
1104857,660.0
1104890,660.0
1104923,660.0
1104956,660.0
1104988,640.0
1105021,660.0
1105054,660.0
1105087,660.0
1105119,640.0
1105152,660.0
1105184,640.0
1105217,660.0
1105249,640.0
1105282,660.0
1105314,640.0
1105347,660.0
1105379,640.0
1105412,660.0
1105444,640.0
1105477,660.0
1105509,640.0
1105542,660.0
1105574,640.0
1105607,660.0
1105639,640.0
1105671,640.0
1105704,660.0
1105736,640.0
1105768,640.0
1105801,660.0
1105833,640.0
1105865,640.0
1105897,640.0
1105929,640.0
1105961,640.0
1105993,640.0
1106025,640.0
1106058,660.0
1106090,640.0
1106122,640.0
1106154,640.0
1106187,660.0
1106219,640.0
1106251,640.0
1106284,660.0
1106316,640.0
1106348,640.0
1106381,660.0
1106413,640.0
1106445,640.0
1106478,660.0
1106510,640.0
1106542,640.0
1106575,660.0
1106607,640.0
1106639,640.0
1106672,660.0
1106704,640.0
1106737,660.0
1106769,640.0
1106801,640.0
1106834,660.0
1106866,640.0
1106899,660.0
1106931,640.0
1106964,660.0
1106996,640.0
1107029,660.0
1107061,640.0
1107093,640.0
1107126,660.0
1107158,640.0
1107191,660.0
1107223,640.0
1107255,640.0
1107287,640.0
1107320,660.0
1107352,640.0
1107385,660.0
1107417,640.0
1107449,640.0
1107481,640.0
1107514,660.0
1107546,640.0
1107578,640.0
1107610,640.0
1107642,640.0
1107675,660.0
1107707,640.0
1107739,640.0
1107771,640.0
1107803,640.0
1107835,640.0
1107868,660.0
1107900,640.0
1107932,640.0
1107964,640.0
1107996,640.0
1108028,640.0
1108061,660.0
1108093,640.0
1108125,640.0
1108157,640.0
1108189,640.0
1108222,660.0
1108254,640.0
1108286,640.0
1108318,640.0
1108350,640.0
1108382,640.0
1108414,640.0
1108446,640.0
1108478,640.0
1108510,640.0
1108542,640.0
1108575,660.0
1108607,640.0
1108639,640.0
1108671,640.0
1108703,640.0
1108736,660.0
1108768,640.0
1108800,640.0
1108832,640.0
1108864,640.0
1108896,640.0
1108929,660.0
1108961,640.0
1108993,640.0
1109025,640.0
1109058,660.0
1109090,640.0
1109122,640.0
1109155,660.0
1109187,640.0
1109219,640.0
1109251,640.0
1109284,660.0
1109316,640.0
1109348,640.0
1109380,640.0
1109413,660.0
1109445,640.0
1109478,660.0
1109510,640.0
1109542,640.0
1109574,640.0
1109607,660.0
1109639,640.0
1109671,640.0
1109703,640.0
1109767,1280.0
1109768,20.0
1109800,640.0
1109832,640.0
1109864,640.0
1109897,660.0
1109929,640.0
1109961,640.0
1109994,660.0
1110026,640.0
1110059,660.0
1110091,640.0
1110123,640.0
1110156,660.0
1110188,640.0
1110221,660.0
1110253,640.0
1110286,660.0
1110318,640.0
1110351,660.0
1110383,640.0
1110416,660.0
1110448,640.0
1110480,640.0
1110512,640.0
1110545,660.0
1110577,640.0
1110609,640.0
1110641,640.0
1110673,640.0
1110706,660.0
1110738,640.0
1110770,640.0
1110802,640.0
1110834,640.0
1110866,640.0
1110930,1280.0
1110931,20.0
1110963,640.0
1110995,640.0
1111027,640.0
1111059,640.0
1111091,640.0
1111123,640.0
1111155,640.0
1111187,640.0
1111220,660.0
1111252,640.0
1111284,640.0
1111316,640.0
1111348,640.0
1111380,640.0
1111412,640.0
1111444,640.0
1111477,660.0
1111509,640.0
1111541,640.0
1111573,640.0
1111606,660.0
1111638,640.0
1111670,640.0
1111702,640.0
1111735,660.0
1111767,640.0
1111799,640.0
1111831,640.0
1111864,660.0
1111896,640.0
1111928,640.0
1111960,640.0
1111993,660.0
1112025,640.0
1112057,640.0
1112089,640.0
1112122,660.0
1112154,640.0
1112186,640.0
1112219,660.0
1112251,640.0
1112283,640.0
1112316,660.0
1112348,640.0
1112380,640.0
1112413,660.0
1112445,640.0
1112477,640.0
1112509,640.0
1112541,640.0
1112573,640.0
1112606,660.0
1112638,640.0
1112670,640.0
1112702,640.0
1112734,640.0
1112766,640.0
1112799,660.0
1112831,640.0
1112863,640.0
1112895,640.0
1112927,640.0
1112960,660.0
1112992,640.0
1113024,640.0
1113057,660.0
1113089,640.0
1113121,640.0
1113153,640.0
1113186,660.0
1113218,640.0
1113250,640.0
1113283,660.0
1113315,640.0
1113347,640.0
1113379,640.0
1113411,640.0
1113443,640.0
1113476,660.0
1113508,640.0
1113540,640.0
1113572,640.0
1113604,640.0
1113637,660.0
1113669,640.0
1113701,640.0
1113734,660.0
1113766,640.0
1113798,640.0
1113830,640.0
1113863,660.0
1113895,640.0
1113927,640.0
1113960,660.0
1113992,640.0
1114024,640.0
1114057,660.0
1114089,640.0
1114121,640.0
1114153,640.0
1114186,660.0
1114218,640.0
1114251,660.0
1114283,640.0
1114315,640.0
1114347,640.0
1114380,660.0
1114412,640.0
1114445,660.0
1114477,640.0
1114509,640.0
1114541,640.0
1114574,660.0
1114606,640.0
1114638,640.0
1114671,660.0
1114703,640.0
1114735,640.0
1114767,640.0
1114799,640.0
1114832,660.0
1114864,640.0
1114896,640.0
1114928,640.0
1114960,640.0
1114992,640.0
1115024,640.0
1115056,640.0
1115088,640.0
1115120,640.0
1115152,640.0
1115184,640.0
1115217,660.0
1115249,640.0
1115281,640.0
1115313,640.0
1115346,660.0
1115378,640.0
1115410,640.0
1115443,660.0
1115475,640.0
1115508,660.0
1115540,640.0
1115572,640.0
1115605,660.0
1115637,640.0
1115670,660.0
1115702,640.0
1115734,640.0
1115767,660.0
1115799,640.0
1115831,640.0
1115864,660.0
1115896,640.0
1115928,640.0
1115961,660.0
1115993,640.0
1116026,660.0
1116058,640.0
1116091,660.0
1116123,640.0
1116155,640.0
1116188,660.0
1116220,640.0
1116252,640.0
1116284,640.0
1116317,660.0
1116349,640.0
1116381,640.0
1116414,660.0
1116446,640.0
1116478,640.0
1116510,640.0
1116543,660.0
1116575,640.0
1116607,640.0
1116639,640.0
1116672,660.0
1116704,640.0
1116737,660.0
1116769,640.0
1116801,640.0
1116834,660.0
1116866,640.0
1116899,660.0
1116931,640.0
1116963,640.0
1116996,660.0
1117028,640.0
1117061,660.0
1117093,640.0
1117125,640.0
1117158,660.0
1117190,640.0
1117223,660.0
1117255,640.0
1117287,640.0
1117319,640.0
1117352,660.0
1117384,640.0
1117416,640.0
1117449,660.0
1117481,640.0
1117514,660.0
1117546,640.0
1117578,640.0
1117611,660.0
1117643,640.0
1117676,660.0
1117708,640.0
1117740,640.0
1117773,660.0
1117805,640.0
1117837,640.0
1117870,660.0
1117902,640.0
1117934,640.0
1117966,640.0
1117998,640.0
1118031,660.0
1118063,640.0
1118095,640.0
1118127,640.0
1118159,640.0
1118192,660.0
1118224,640.0
1118256,640.0
1118288,640.0
1118321,660.0
1118353,640.0
1118385,640.0
1118417,640.0
1118449,640.0
1118482,660.0
1118514,640.0
1118546,640.0
1118579,660.0
1118611,640.0
1118643,640.0
1118676,660.0
1118708,640.0
1118740,640.0
1118772,640.0
1118805,660.0
1118837,640.0
1118869,640.0
1118902,660.0
1118934,640.0
1118966,640.0
1118999,660.0
1119031,640.0
1119064,660.0
1119096,640.0
1119128,640.0
1119160,640.0
1119192,640.0
1119225,660.0
1119257,640.0
1119289,640.0
1119321,640.0
1119354,660.0
1119386,640.0
1119418,640.0
1119450,640.0
1119482,640.0
1119515,660.0
1119547,640.0
1119579,640.0
1119611,640.0
1119643,640.0
1119675,640.0
1119708,660.0
1119740,640.0
1119772,640.0
1119804,640.0
1119836,640.0
1119868,640.0
1119901,660.0
1119933,640.0
1119965,640.0
1119997,640.0
1120029,640.0
1120062,660.0
1120094,640.0
1120126,640.0
1120158,640.0
1120190,640.0
1120223,660.0
1120255,640.0
1120287,640.0
1120320,660.0
1120352,640.0
1120384,640.0
1120417,660.0
1120449,640.0
1120481,640.0
1120514,660.0
1120546,640.0
1120578,640.0
1120610,640.0
1120643,660.0
1120675,640.0
1120707,640.0
1120739,640.0
1120772,660.0
1120804,640.0
1120836,640.0
1120868,640.0
1120900,640.0
1120933,660.0
1120965,640.0
1120997,640.0
1121029,640.0
1121062,660.0
1121094,640.0
1121126,640.0
1121159,660.0
1121191,640.0
1121224,660.0
1121256,640.0
1121289,660.0
1121321,640.0
1121354,660.0
1121386,640.0
1121419,660.0
1121452,660.0
1121484,640.0
1121517,660.0
1121549,640.0
1121582,660.0
1121614,640.0
1121647,660.0
1121679,640.0
1121711,640.0
1121744,660.0
1121776,640.0
1121808,640.0
1121840,640.0
1121873,660.0
1121905,640.0
1121937,640.0
1121970,660.0
1122002,640.0
1122035,660.0
1122067,640.0
1122099,640.0
1122132,660.0
1122164,640.0
1122197,660.0
1122229,640.0
1122262,660.0
1122294,640.0
1122327,660.0
1122359,640.0
1122392,660.0
1122424,640.0
1122457,660.0
1122489,640.0
1122522,660.0
1122554,640.0
1122587,660.0
1122619,640.0
1122651,640.0
1122684,660.0
1122717,660.0
1122749,640.0
1122782,660.0
1122814,640.0
1122847,660.0
1122879,640.0
1122912,660.0
1122944,640.0
1122977,660.0
1123009,640.0
1123041,640.0
1123074,660.0
1123106,640.0
1123138,640.0
1123171,660.0
1123203,640.0
1123235,640.0
1123268,660.0
1123300,640.0
1123332,640.0
1123364,640.0
1123397,660.0
1123429,640.0
1123461,640.0
1123494,660.0
1123526,640.0
1123558,640.0
1123591,660.0
1123623,640.0
1123655,640.0
1123688,660.0
1123720,640.0
1123752,640.0
1123785,660.0
1123817,640.0
1123849,640.0
1123882,660.0
1123914,640.0
1123947,660.0
1123979,640.0
1124011,640.0
1124044,660.0
1124076,640.0
1124108,640.0
1124141,660.0
1124173,640.0
1124205,640.0
1124238,660.0
1124270,640.0
1124303,660.0
1124335,640.0
1124367,640.0
1124400,660.0
1124432,640.0
1124464,640.0
1124497,660.0
1124529,640.0
1124561,640.0
1124594,660.0
1124626,640.0
1124659,660.0
1124691,640.0
1124724,660.0
1124756,640.0
1124788,640.0
1124821,660.0
1124853,640.0
1124885,640.0
1124918,660.0
1124950,640.0
1124982,640.0
1125015,660.0
1125047,640.0
1125080,660.0
1125112,640.0
1125145,660.0
1125177,640.0
1125210,660.0
1125242,640.0
1125275,660.0
1125307,640.0
1125340,660.0
1125372,640.0
1125405,660.0
1125437,640.0
1125470,660.0
1125502,640.0
1125535,660.0
1125568,660.0
1125600,640.0
1125633,660.0
1125665,640.0
1125698,660.0
1125730,640.0
1125763,660.0
1125795,640.0
1125827,640.0
1125860,660.0
1125893,660.0
1125925,640.0
1125958,660.0
1125990,640.0
1126022,640.0
1126055,660.0
1126087,640.0
1126120,660.0
1126152,640.0
1126184,640.0
1126217,660.0
1126249,640.0
1126282,660.0
1126314,640.0
1126347,660.0
1126379,640.0
1126412,660.0
1126444,640.0
1126477,660.0
1126509,640.0
1126541,640.0
1126574,660.0
1126606,640.0
1126639,660.0
1126672,660.0
1126704,640.0
1126737,660.0
1126769,640.0
1126802,660.0
1126834,640.0
1126867,660.0
1126899,640.0
1126932,660.0
1126965,660.0
1126997,640.0
1127030,660.0
1127062,640.0
1127095,660.0
1127127,640.0
1127160,660.0
1127192,640.0
1127225,660.0
1127257,640.0
1127290,660.0
1127323,660.0
1127355,640.0
1127387,640.0
1127420,660.0
1127452,640.0
1127485,660.0
1127518,660.0
1127550,640.0
1127582,640.0
1127615,660.0
1127647,640.0
1127679,640.0
1127712,660.0
1127744,640.0
1127776,640.0
1127808,640.0
1127840,640.0
1127872,640.0
1127904,640.0
1127936,640.0
1127969,660.0
1128001,640.0
1128033,640.0
1128065,640.0
1128097,640.0
1128129,640.0
1128162,660.0
1128194,640.0
1128226,640.0
1128258,640.0
1128291,660.0
1128323,640.0
1128355,640.0
1128388,660.0
1128420,640.0
1128452,640.0
1128485,660.0
1128517,640.0
1128550,660.0
1128582,640.0
1128615,660.0
1128647,640.0
1128680,660.0
1128712,640.0
1128745,660.0
1128777,640.0
1128810,660.0
1128843,660.0
1128875,640.0
1128908,660.0
1128940,640.0
1128973,660.0
1129005,640.0
1129038,660.0
1129070,640.0
1129102,640.0
1129135,660.0
1129167,640.0
1129199,640.0
1129232,660.0
1129264,640.0
1129296,640.0
1129328,640.0
1129360,640.0
1129393,660.0
1129425,640.0
1129457,640.0
1129489,640.0
1129522,660.0
1129554,640.0
1129586,640.0
1129619,660.0
1129651,640.0
1129683,640.0
1129715,640.0
1129748,660.0
1129780,640.0
1129812,640.0
1129845,660.0
1129877,640.0
1129910,660.0
1129942,640.0
1129975,660.0
1130007,640.0
1130039,640.0
1130071,640.0
1130104,660.0
1130136,640.0
1130169,660.0
1130201,640.0
1130234,660.0
1130266,640.0
1130299,660.0
1130331,640.0
1130364,660.0
1130396,640.0
1130428,640.0
1130461,660.0
1130494,660.0
1130526,640.0
1130558,640.0
1130591,660.0
1130623,640.0
1130656,660.0
1130688,640.0
1130720,640.0
1130753,660.0
1130785,640.0
1130818,660.0
1130850,640.0
1130883,660.0
1130915,640.0
1130947,640.0
1130980,660.0
1131012,640.0
1131044,640.0
1131077,660.0
1131109,640.0
1131141,640.0
1131173,640.0
1131206,660.0
1131238,640.0
1131270,640.0
1131302,640.0
1131334,640.0
1131367,660.0
1131399,640.0
1131431,640.0
1131463,640.0
1131496,660.0
1131528,640.0
1131560,640.0
1131592,640.0
1131624,640.0
1131656,640.0
1131688,640.0
1131721,660.0
1131753,640.0
1131785,640.0
1131817,640.0
1131849,640.0
1131881,640.0
1131913,640.0
1131945,640.0
1131977,640.0
1132009,640.0
1132041,640.0
1132073,640.0
1132105,640.0
1132137,640.0
1132170,660.0
1132202,640.0
1132234,640.0
1132266,640.0
1132298,640.0
1132330,640.0
1132362,640.0
1132394,640.0
1132427,660.0
1132459,640.0
1132491,640.0
1132523,640.0
1132555,640.0
1132587,640.0
1132619,640.0
1132651,640.0
1132683,640.0
1132747,1280.0
1132748,20.0
1132780,640.0
1132812,640.0
1132844,640.0
1132876,640.0
1132908,640.0
1132940,640.0
1132972,640.0
1133004,640.0
1133036,640.0
1133069,660.0
1133101,640.0
1133133,640.0
1133165,640.0
1133197,640.0
1133229,640.0
1133261,640.0
1133293,640.0
1133325,640.0
1133357,640.0
1133389,640.0
1133421,640.0
1133453,640.0
1133485,640.0
1133517,640.0
1133549,640.0
1133581,640.0
1133613,640.0
1133646,660.0
1133678,640.0
1133710,640.0
1133742,640.0
1133774,640.0
1133806,640.0
1133838,640.0
1133870,640.0
1133902,640.0
1133934,640.0
1133966,640.0
1133998,640.0
1134030,640.0
1134062,640.0
1134094,640.0
1134126,640.0
1134158,640.0
1134190,640.0
1134222,640.0
1134255,660.0
1134287,640.0
1134319,640.0
1134351,640.0
1134383,640.0
1134415,640.0
1134447,640.0
1134479,640.0
1134511,640.0
1134544,660.0
1134576,640.0
1134608,640.0
1134640,640.0
1134672,640.0
1134705,660.0
1134737,640.0
1134769,640.0
1134801,640.0
1134833,640.0
1134865,640.0
1134898,660.0
1134930,640.0
1134962,640.0
1134994,640.0
1135026,640.0
1135058,640.0
1135091,660.0
1135123,640.0
1135155,640.0
1135187,640.0
1135219,640.0
1135251,640.0
1135284,660.0
1135316,640.0
1135348,640.0
1135380,640.0
1135413,660.0
1135445,640.0
1135477,640.0
1135509,640.0
1135541,640.0
1135574,660.0
1135606,640.0
1135638,640.0
1135670,640.0
1135702,640.0
1135735,660.0
1135767,640.0
1135799,640.0
1135831,640.0
1135864,660.0
1135896,640.0
1135928,640.0
1135961,660.0
1135993,640.0
1136025,640.0
1136057,640.0
1136090,660.0
1136122,640.0
1136154,640.0
1136186,640.0
1136219,660.0
1136251,640.0
1136283,640.0
1136315,640.0
1136348,660.0
1136380,640.0
1136412,640.0
1136444,640.0
1136477,660.0
1136509,640.0
1136541,640.0
1136573,640.0
1136606,660.0
1136638,640.0
1136670,640.0
1136703,660.0
1136735,640.0
1136767,640.0
1136800,660.0
1136832,640.0
1136865,660.0
1136897,640.0
1136930,660.0
1136962,640.0
1136995,660.0
1137027,640.0
1137060,660.0
1137092,640.0
1137125,660.0
1137157,640.0
1137190,660.0
1137222,640.0
1137255,660.0
1137287,640.0
1137319,640.0
1137352,660.0
1137384,640.0
1137417,660.0
1137449,640.0
1137481,640.0
1137514,660.0
1137547,660.0
1137579,640.0
1137612,660.0
1137644,640.0
1137677,660.0
1137709,640.0
1137742,660.0
1137775,660.0
1137807,640.0
1137840,660.0
1137872,640.0
1137905,660.0
1137938,660.0
1137970,640.0
1138002,640.0
1138035,660.0
1138067,640.0
1138100,660.0
1138132,640.0
1138165,660.0
1138197,640.0
1138230,660.0
1138262,640.0
1138295,660.0
1138327,640.0
1138359,640.0
1138392,660.0
1138424,640.0
1138457,660.0
1138489,640.0
1138521,640.0
1138553,640.0
1138586,660.0
1138618,640.0
1138651,660.0
1138683,640.0
1138715,640.0
1138748,660.0
1138780,640.0
1138813,660.0
1138845,640.0
1138878,660.0
1138910,640.0
1138943,660.0
1138975,640.0
1139008,660.0
1139040,640.0
1139072,640.0
1139105,660.0
1139138,660.0
1139170,640.0
1139203,660.0
1139235,640.0
1139267,640.0
1139300,660.0
1139332,640.0
1139365,660.0
1139397,640.0
1139429,640.0
1139462,660.0
1139494,640.0
1139526,640.0
1139559,660.0
1139591,640.0
1139623,640.0
1139656,660.0
1139688,640.0
1139720,640.0
1139753,660.0
1139785,640.0
1139817,640.0
1139850,660.0
1139882,640.0
1139915,660.0
1139947,640.0
1139979,640.0
1140012,660.0
1140044,640.0
1140077,660.0
1140109,640.0
1140141,640.0
1140174,660.0
1140206,640.0
1140238,640.0
1140270,640.0
1140303,660.0
1140335,640.0
1140368,660.0
1140400,640.0
1140432,640.0
1140464,640.0
1140497,660.0
1140529,640.0
1140562,660.0
1140594,640.0
1140626,640.0
1140658,640.0
1140691,660.0
1140723,640.0
1140756,660.0
1140788,640.0
1140820,640.0
1140853,660.0
1140885,640.0
1140918,660.0
1140950,640.0
1140983,660.0
1141015,640.0
1141048,660.0
1141081,660.0
1141113,640.0
1141146,660.0
1141178,640.0
1141211,660.0
1141243,640.0
1141276,660.0
1141308,640.0
1141341,660.0
1141373,640.0
1141406,660.0
1141438,640.0
1141471,660.0
1141503,640.0
1141536,660.0
1141568,640.0
1141601,660.0
1141633,640.0
1141665,640.0
1141698,660.0
1141730,640.0
1141762,640.0
1141795,660.0
1141827,640.0
1141859,640.0
1141891,640.0
1141923,640.0
1141956,660.0
1141988,640.0
1142020,640.0
1142052,640.0
1142084,640.0
1142116,640.0
1142148,640.0
1142180,640.0
1142212,640.0
1142244,640.0
1142276,640.0
1142308,640.0
1142340,640.0
1142372,640.0
1142404,640.0
1142436,640.0
1142469,660.0
1142501,640.0
1142533,640.0
1142565,640.0
1142597,640.0
1142629,640.0
1142661,640.0
1142693,640.0
1142725,640.0
1142757,640.0
1142790,660.0
1142822,640.0
1142854,640.0
1142886,640.0
1142918,640.0
1142951,660.0
1142983,640.0
1143016,660.0
1143048,640.0
1143081,660.0
1143113,640.0
1143145,640.0
1143178,660.0
1143211,660.0
1143243,640.0
1143276,660.0
1143308,640.0
1143340,640.0
1143373,660.0
1143405,640.0
1143438,660.0
1143470,640.0
1143502,640.0
1143534,640.0
1143566,640.0
1143599,660.0
1143631,640.0
1143663,640.0
1143695,640.0
1143727,640.0
1143760,660.0
1143792,640.0
1143824,640.0
1143856,640.0
1143889,660.0
1143921,640.0
1143953,640.0
1143986,660.0
1144018,640.0
1144050,640.0
1144083,660.0
1144115,640.0
1144148,660.0
1144180,640.0
1144212,640.0
1144245,660.0
1144277,640.0
1144309,640.0
1144341,640.0
1144374,660.0
1144406,640.0
1144438,640.0
1144471,660.0
1144503,640.0
1144535,640.0
1144567,640.0
1144600,660.0
1144632,640.0
1144664,640.0
1144696,640.0
1144728,640.0
1144761,660.0
1144793,640.0
1144825,640.0
1144857,640.0
1144890,660.0
1144922,640.0
1144954,640.0
1144987,660.0
1145019,640.0
1145051,640.0
1145083,640.0
1145115,640.0
1145148,660.0
1145180,640.0
1145212,640.0
1145244,640.0
1145277,660.0
1145309,640.0
1145342,660.0
1145374,640.0
1145406,640.0
1145439,660.0
1145471,640.0
1145503,640.0
1145536,660.0
1145568,640.0
1145600,640.0
1145632,640.0
1145665,660.0
1145697,640.0
1145729,640.0
1145762,660.0
1145794,640.0
1145826,640.0
1145859,660.0
1145891,640.0
1145923,640.0
1145955,640.0
1145988,660.0
1146020,640.0
1146052,640.0
1146084,640.0
1146116,640.0
1146149,660.0
1146181,640.0
1146213,640.0
1146245,640.0
1146277,640.0
1146310,660.0
1146342,640.0
1146374,640.0
1146406,640.0
1146438,640.0
1146471,660.0
1146503,640.0
1146535,640.0
1146567,640.0
1146599,640.0
1146631,640.0
1146663,640.0
1146695,640.0
1146728,660.0
1146760,640.0
1146792,640.0
1146824,640.0
1146856,640.0
1146888,640.0
1146920,640.0
1146952,640.0
1146984,640.0
1147016,640.0
1147048,640.0
1147081,660.0
1147113,640.0
1147145,640.0
1147177,640.0
1147209,640.0
1147241,640.0
1147273,640.0
1147305,640.0
1147337,640.0
1147369,640.0
1147401,640.0
1147433,640.0
1147465,640.0
1147497,640.0
1147529,640.0
1147561,640.0
1147593,640.0
1147625,640.0
1147657,640.0
1147689,640.0
1147721,640.0
1147754,660.0
1147786,640.0
1147818,640.0
1147850,640.0
1147882,640.0
1147914,640.0
1147947,660.0
1147979,640.0
1148011,640.0
1148043,640.0
1148075,640.0
1148108,660.0
1148140,640.0
1148172,640.0
1148204,640.0
1148236,640.0
1148268,640.0
1148300,640.0
1148332,640.0
1148364,640.0
1148396,640.0
1148428,640.0
1148460,640.0
1148492,640.0
1148524,640.0
1148556,640.0
1148588,640.0
1148620,640.0
1148652,640.0
1148684,640.0
1148716,640.0
1148748,640.0
1148780,640.0
1148812,640.0
1148844,640.0
1148876,640.0
1148908,640.0
1148940,640.0
1148972,640.0
1149005,660.0
1149037,640.0
1149069,640.0
1149101,640.0
1149134,660.0
1149166,640.0
1149198,640.0
1149231,660.0
1149263,640.0
1149295,640.0
1149328,660.0
1149360,640.0
1149393,660.0
1149425,640.0
1149458,660.0
1149490,640.0
1149522,640.0
1149555,660.0
1149587,640.0
1149619,640.0
1149651,640.0
1149684,660.0
1149716,640.0
1149748,640.0
1149780,640.0
1149812,640.0
1149844,640.0
1149876,640.0
1149908,640.0
1149940,640.0
1149972,640.0
1150004,640.0
1150036,640.0
1150068,640.0
1150101,660.0
1150133,640.0
1150165,640.0
1150197,640.0
1150229,640.0
1150261,640.0
1150293,640.0
1150325,640.0
1150357,640.0
1150389,640.0
1150421,640.0
1150454,660.0
1150486,640.0
1150518,640.0
1150550,640.0
1150582,640.0
1150615,660.0
1150647,640.0
1150679,640.0
1150711,640.0
1150743,640.0
1150775,640.0
1150807,640.0
1150839,640.0
1150871,640.0
1150903,640.0
1150935,640.0
1150967,640.0
1150999,640.0
1151031,640.0
1151063,640.0
1151095,640.0
1151127,640.0
1151159,640.0
1151191,640.0
1151223,640.0
1151254,620.0
1151286,640.0
1151318,640.0
1151382,1280.0
1151383,20.0
1151414,620.0
1151446,640.0
1151478,640.0
1151511,660.0
1151543,640.0
1151575,640.0
1151607,640.0
1151639,640.0
1151671,640.0
1151704,660.0
1151736,640.0
1151768,640.0
1151800,640.0
1151833,660.0
1151865,640.0
1151897,640.0
1151929,640.0
1151961,640.0
1151994,660.0
1152026,640.0
1152058,640.0
1152090,640.0
1152122,640.0
1152154,640.0
1152186,640.0
1152250,1280.0
1152251,20.0
1152283,640.0
1152315,640.0
1152347,640.0
1152379,640.0
1152411,640.0
1152443,640.0
1152475,640.0
1152507,640.0
1152539,640.0
1152571,640.0
1152603,640.0
1152635,640.0
1152667,640.0
1152699,640.0
1152731,640.0
1152763,640.0
1152795,640.0
1152827,640.0
1152859,640.0
1152891,640.0
1152923,640.0
1152955,640.0
1152987,640.0
1153019,640.0
1153052,660.0
1153084,640.0
1153116,640.0
1153149,660.0
1153181,640.0
1153213,640.0
1153245,640.0
1153278,660.0
1153310,640.0
1153342,640.0
1153374,640.0
1153407,660.0
1153439,640.0
1153471,640.0
1153503,640.0
1153535,640.0
1153567,640.0
1153599,640.0
1153663,1280.0
1153695,640.0
1153696,20.0
1153727,620.0
1153760,660.0
1153792,640.0
1153824,640.0
1153856,640.0
1153888,640.0
1153920,640.0
1153952,640.0
1153985,660.0
1154016,620.0
1154049,660.0
1154081,640.0
1154113,640.0
1154145,640.0
1154177,640.0
1154209,640.0
1154241,640.0
1154274,660.0
1154306,640.0
1154338,640.0
1154370,640.0
1154402,640.0
1154434,640.0
1154467,660.0
1154499,640.0
1154531,640.0
1154563,640.0
1154595,640.0
1154627,640.0
1154659,640.0
1154691,640.0
1154723,640.0
1154755,640.0
1154787,640.0
1154819,640.0
1154851,640.0
1154883,640.0
1154915,640.0
1154947,640.0
1154979,640.0
1155012,660.0
1155044,640.0
1155076,640.0
1155108,640.0
1155140,640.0
1155172,640.0
1155205,660.0
1155237,640.0
1155269,640.0
1155301,640.0
1155334,660.0
1155366,640.0
1155398,640.0
1155430,640.0
1155494,1280.0
1155495,20.0
1155527,640.0
1155559,640.0
1155591,640.0
1155624,660.0
1155656,640.0
1155688,640.0
1155721,660.0
1155753,640.0
1155785,640.0
1155818,660.0
1155850,640.0
1155883,660.0
1155915,640.0
1155947,640.0
1155980,660.0
1156012,640.0
1156044,640.0
1156077,660.0
1156109,640.0
1156141,640.0
1156173,640.0
1156205,640.0
1156238,660.0
1156270,640.0
1156302,640.0
1156335,660.0
1156367,640.0
1156399,640.0
1156431,640.0
1156464,660.0
1156496,640.0
1156528,640.0
1156560,640.0
1156592,640.0
1156624,640.0
1156656,640.0
1156688,640.0
1156720,640.0
1156752,640.0
1156784,640.0
1156816,640.0
1156848,640.0
1156880,640.0
1156912,640.0
1156944,640.0
1156977,660.0
1157009,640.0
1157040,620.0
1157072,640.0
1157104,640.0
1157137,660.0
1157169,640.0
1157201,640.0
1157233,640.0
1157265,640.0
1157297,640.0
1157329,640.0
1157362,660.0
1157394,640.0
1157426,640.0
1157458,640.0
1157490,640.0
1157523,660.0
1157555,640.0
1157587,640.0
1157619,640.0
1157651,640.0
1157683,640.0
1157715,640.0
1157748,660.0
1157780,640.0
1157812,640.0
1157844,640.0
1157876,640.0
1157908,640.0
1157941,660.0
1157973,640.0
1158005,640.0
1158037,640.0
1158069,640.0
1158101,640.0
1158133,640.0
1158165,640.0
1158198,660.0
1158230,640.0
1158262,640.0
1158294,640.0
1158326,640.0
1158358,640.0
1158390,640.0
1158422,640.0
1158454,640.0
1158486,640.0
1158518,640.0
1158550,640.0
1158583,660.0
1158615,640.0
1158647,640.0
1158679,640.0
1158711,640.0
1158743,640.0
1158775,640.0
1158807,640.0
1158839,640.0
1158871,640.0
1158903,640.0
1158935,640.0
1158967,640.0
1158999,640.0
1159031,640.0
1159063,640.0
1159096,660.0
1159128,640.0
1159160,640.0
1159192,640.0
1159224,640.0
1159256,640.0
1159288,640.0
1159320,640.0
1159352,640.0
1159384,640.0
1159416,640.0
1159449,660.0
1159481,640.0
1159513,640.0
1159545,640.0
1159577,640.0
1159610,660.0
1159642,640.0
1159674,640.0
1159706,640.0
1159738,640.0
1159770,640.0
1159803,660.0
1159835,640.0
1159867,640.0
1159899,640.0
1159931,640.0
1159963,640.0
1159995,640.0
1160027,640.0
1160060,660.0
1160092,640.0
1160124,640.0
1160156,640.0
1160189,660.0
1160221,640.0
1160253,640.0
1160285,640.0
1160317,640.0
1160350,660.0
1160382,640.0
1160414,640.0
1160446,640.0
1160478,640.0
1160510,640.0
1160543,660.0
1160575,640.0
1160607,640.0
1160639,640.0
1160671,640.0
1160703,640.0
1160735,640.0
1160768,660.0
1160800,640.0
1160832,640.0
1160864,640.0
1160896,640.0
1160929,660.0
1160961,640.0
1160993,640.0
1161025,640.0
1161057,640.0
1161089,640.0
1161121,640.0
1161153,640.0
1161185,640.0
1161218,660.0
1161250,640.0
1161282,640.0
1161314,640.0
1161346,640.0
1161378,640.0
1161410,640.0
1161442,640.0
1161474,640.0
1161506,640.0
1161538,640.0
1161571,660.0
1161603,640.0
1161635,640.0
1161667,640.0
1161699,640.0
1161732,660.0
1161764,640.0
1161796,640.0
1161828,640.0
1161860,640.0
1161893,660.0
1161925,640.0
1161957,640.0
1161989,640.0
1162021,640.0
1162053,640.0
1162085,640.0
1162117,640.0
1162149,640.0
1162180,620.0
1162212,640.0
1162244,640.0
1162276,640.0
1162308,640.0
1162340,640.0
1162372,640.0
1162404,640.0
1162436,640.0
1162468,640.0
1162500,640.0
1162532,640.0
1162564,640.0
1162596,640.0
1162628,640.0
1162660,640.0
1162692,640.0
1162724,640.0
1162756,640.0
1162789,660.0
1162821,640.0
1162853,640.0
1162885,640.0
1162917,640.0
1162949,640.0
1162981,640.0
1163013,640.0
1163045,640.0
1163077,640.0
1163109,640.0
1163142,660.0
1163174,640.0
1163206,640.0
1163238,640.0
1163270,640.0
1163302,640.0
1163335,660.0
1163367,640.0
1163399,640.0
1163431,640.0
1163464,660.0
1163496,640.0
1163528,640.0
1163561,660.0
1163593,640.0
1163625,640.0
1163658,660.0
1163690,640.0
1163722,640.0
1163754,640.0
1163787,660.0
1163819,640.0
1163851,640.0
1163884,660.0
1163916,640.0
1163948,640.0
1163980,640.0
1164013,660.0
1164045,640.0
1164077,640.0
1164109,640.0
1164141,640.0
1164174,660.0
1164206,640.0
1164238,640.0
1164270,640.0
1164303,660.0
1164335,640.0
1164367,640.0
1164399,640.0
1164432,660.0
1164464,640.0
1164496,640.0
1164528,640.0
1164561,660.0
1164593,640.0
1164625,640.0
1164657,640.0
1164690,660.0
1164722,640.0
1164754,640.0
1164787,660.0
1164819,640.0
1164851,640.0
1164883,640.0
1164916,660.0
1164948,640.0
1164980,640.0
1165012,640.0
1165044,640.0
1165076,640.0
1165108,640.0
1165141,660.0
1165173,640.0
1165205,640.0
1165237,640.0
1165269,640.0
1165302,660.0
1165334,640.0
1165366,640.0
1165398,640.0
1165430,640.0
1165463,660.0
1165495,640.0
1165527,640.0
1165559,640.0
1165592,660.0
1165624,640.0
1165657,660.0
1165689,640.0
1165721,640.0
1165753,640.0
1165786,660.0
1165818,640.0
1165850,640.0
1165882,640.0
1165915,660.0
1165947,640.0
1165979,640.0
1166011,640.0
1166044,660.0
1166076,640.0
1166108,640.0
1166140,640.0
1166173,660.0
1166205,640.0
1166237,640.0
1166269,640.0
1166301,640.0
1166334,660.0
1166366,640.0
1166398,640.0
1166430,640.0
1166462,640.0
1166495,660.0
1166527,640.0
1166559,640.0
1166591,640.0
1166623,640.0
1166656,660.0
1166688,640.0
1166721,660.0
1166753,640.0
1166785,640.0
1166818,660.0
1166850,640.0
1166883,660.0
1166915,640.0
1166947,640.0
1166980,660.0
1167012,640.0
1167045,660.0
1167077,640.0
1167109,640.0
1167142,660.0
1167174,640.0
1167206,640.0
1167239,660.0
1167271,640.0
1167303,640.0
1167335,640.0
1167367,640.0
1167400,660.0
1167432,640.0
1167464,640.0
1167496,640.0
1167528,640.0
1167560,640.0
1167592,640.0
1167624,640.0
1167688,1280.0
1167689,20.0
1167721,640.0
1167753,640.0
1167785,640.0
1167817,640.0
1167849,640.0
1167881,640.0
1167913,640.0
1167945,640.0
1167977,640.0
1168009,640.0
1168041,640.0
1168074,660.0
1168106,640.0
1168138,640.0
1168170,640.0
1168203,660.0
1168235,640.0
1168267,640.0
1168299,640.0
1168332,660.0
1168364,640.0
1168396,640.0
1168428,640.0
1168461,660.0
1168493,640.0
1168525,640.0
1168557,640.0
1168590,660.0
1168622,640.0
1168654,640.0
1168686,640.0
1168718,640.0
1168751,660.0
1168783,640.0
1168815,640.0
1168847,640.0
1168879,640.0
1168911,640.0
1168944,660.0
1168976,640.0
1169008,640.0
1169040,640.0
1169073,660.0
1169105,640.0
1169137,640.0
1169170,660.0
1169202,640.0
1169234,640.0
1169266,640.0
1169298,640.0
1169330,640.0
1169363,660.0
1169395,640.0
1169427,640.0
1169459,640.0
1169491,640.0
1169523,640.0
1169555,640.0
1169587,640.0
1169619,640.0
1169651,640.0
1169683,640.0
1169715,640.0
1169747,640.0
1169779,640.0
1169811,640.0
1169844,660.0
1169876,640.0
1169908,640.0
1169940,640.0
1169972,640.0
1170004,640.0
1170037,660.0
1170069,640.0
1170101,640.0
1170133,640.0
1170165,640.0
1170198,660.0
1170230,640.0
1170262,640.0
1170294,640.0
1170326,640.0
1170359,660.0
1170391,640.0
1170423,640.0
1170456,660.0
1170488,640.0
1170520,640.0
1170552,640.0
1170585,660.0
1170617,640.0
1170649,640.0
1170681,640.0
1170714,660.0
1170746,640.0
1170778,640.0
1170810,640.0
1170842,640.0
1170874,640.0
1170906,640.0
1170939,660.0
1170970,620.0
1171002,640.0
1171034,640.0
1171066,640.0
1171098,640.0
1171130,640.0
1171162,640.0
1171194,640.0
1171226,640.0
1171258,640.0
1171290,640.0
1171322,640.0
1171386,1280.0
1171387,20.0
1171419,640.0
1171451,640.0
1171483,640.0
1171515,640.0
1171548,660.0
1171580,640.0
1171612,640.0
1171644,640.0
1171676,640.0
1171709,660.0
1171741,640.0
1171773,640.0
1171805,640.0
1171837,640.0
1171869,640.0
1171901,640.0
1171933,640.0
1171966,660.0
1171998,640.0
1172030,640.0
1172062,640.0
1172093,620.0
1172126,660.0
1172158,640.0
1172190,640.0
1172222,640.0
1172253,620.0
1172285,640.0
1172317,640.0
1172381,1280.0
1172382,20.0
1172413,620.0
1172446,660.0
1172478,640.0
1172510,640.0
1172542,640.0
1172574,640.0
1172606,640.0
1172639,660.0
1172671,640.0
1172703,640.0
1172735,640.0
1172767,640.0
1172800,660.0
1172832,640.0
1172864,640.0
1172896,640.0
1172928,640.0
1172960,640.0
1172993,660.0
1173025,640.0
1173057,640.0
1173089,640.0
1173121,640.0
1173153,640.0
1173185,640.0
1173218,660.0
1173250,640.0
1173282,640.0
1173314,640.0
1173346,640.0
1173378,640.0
1173411,660.0
1173443,640.0
1173475,640.0
1173507,640.0
1173540,660.0
1173572,640.0
1173604,640.0
1173637,660.0
1173669,640.0
1173701,640.0
1173734,660.0
1173766,640.0
1173798,640.0
1173831,660.0
1173863,640.0
1173895,640.0
1173927,640.0
1173960,660.0
1173992,640.0
1174024,640.0
1174056,640.0
1174089,660.0
1174121,640.0
1174153,640.0
1174185,640.0
1174217,640.0
1174250,660.0
1174282,640.0
1174314,640.0
1174346,640.0
1174378,640.0
1174411,660.0
1174443,640.0
1174475,640.0
1174507,640.0
1174539,640.0
1174571,640.0
1174604,660.0
1174636,640.0
1174668,640.0
1174700,640.0
1174732,640.0
1174764,640.0
1174797,660.0
1174829,640.0
1174861,640.0
1174893,640.0
1174925,640.0
1174957,640.0
1174989,640.0
1175021,640.0
1175085,1280.0
1175086,20.0
1175118,640.0
1175150,640.0
1175182,640.0
1175214,640.0
1175246,640.0
1175279,660.0
1175311,640.0
1175343,640.0
1175376,660.0
1175408,640.0
1175440,640.0
1175472,640.0
1175505,660.0
1175537,640.0
1175569,640.0
1175602,660.0
1175634,640.0
1175666,640.0
1175699,660.0
1175731,640.0
1175764,660.0
1175796,640.0
1175828,640.0
1175860,640.0
1175893,660.0
1175925,640.0
1175957,640.0
1175989,640.0
1176021,640.0
1176054,660.0
1176086,640.0
1176118,640.0
1176150,640.0
1176182,640.0
1176214,640.0
1176247,660.0
1176279,640.0
1176311,640.0
1176343,640.0
1176375,640.0
1176408,660.0
1176440,640.0
1176472,640.0
1176504,640.0
1176536,640.0
1176569,660.0
1176601,640.0
1176633,640.0
1176665,640.0
1176697,640.0
1176730,660.0
1176762,640.0
1176794,640.0
1176826,640.0
1176858,640.0
1176890,640.0
1176922,640.0
1176955,660.0
1176987,640.0
1177019,640.0
1177050,620.0
1177083,660.0
1177115,640.0
1177147,640.0
1177179,640.0
1177211,640.0
1177243,640.0
1177275,640.0
1177308,660.0
1177340,640.0
1177372,640.0
1177404,640.0
1177437,660.0
1177469,640.0
1177501,640.0
1177533,640.0
1177565,640.0
1177598,660.0
1177630,640.0
1177663,660.0
1177695,640.0
1177727,640.0
1177759,640.0
1177792,660.0
1177824,640.0
1177856,640.0
1177888,640.0
1177921,660.0
1177953,640.0
1177985,640.0
1178017,640.0
1178049,640.0
1178082,660.0
1178114,640.0
1178146,640.0
1178178,640.0
1178210,640.0
1178243,660.0
1178275,640.0
1178307,640.0
1178339,640.0
1178371,640.0
1178404,660.0
1178436,640.0
1178468,640.0
1178500,640.0
1178532,640.0
1178564,640.0
1178596,640.0
1178628,640.0
1178661,660.0
1178693,640.0
1178725,640.0
1178757,640.0
1178789,640.0
1178821,640.0
1178853,640.0
1178885,640.0
1178917,640.0
1178949,640.0
1178981,640.0
1179013,640.0
1179045,640.0
1179077,640.0
1179109,640.0
1179141,640.0
1179173,640.0
1179205,640.0
1179237,640.0
1179269,640.0
1179301,640.0
1179364,1260.0
1179365,20.0
1179397,640.0
1179429,640.0
1179492,1260.0
1179493,20.0
1179524,620.0
1179557,660.0
1179589,640.0
1179621,640.0
1179653,640.0
1179685,640.0
1179717,640.0
1179749,640.0
1179781,640.0
1179813,640.0
1179845,640.0
1179877,640.0
1179909,640.0
1179941,640.0
1179973,640.0
1180005,640.0
1180037,640.0
1180070,660.0
1180102,640.0
1180134,640.0
1180166,640.0
1180198,640.0
1180230,640.0
1180263,660.0
1180295,640.0
1180327,640.0
1180359,640.0
1180391,640.0
1180423,640.0
1180455,640.0
1180487,640.0
1180519,640.0
1180551,640.0
1180583,640.0
1180615,640.0
1180647,640.0
1180679,640.0
1180711,640.0
1180743,640.0
1180775,640.0
1180807,640.0
1180839,640.0
1180871,640.0
1180903,640.0
1180935,640.0
1180967,640.0
1180999,640.0
1181031,640.0
1181063,640.0
1181095,640.0
1181127,640.0
1181159,640.0
1181191,640.0
1181223,640.0
1181255,640.0
1181287,640.0
1181319,640.0
1181351,640.0
1181383,640.0
1181415,640.0
1181447,640.0
1181479,640.0
1181511,640.0
1181543,640.0
1181575,640.0
1181607,640.0
1181639,640.0
1181671,640.0
1181703,640.0
1181735,640.0
1181767,640.0
1181799,640.0
1181831,640.0
1181864,660.0
1181896,640.0
1181928,640.0
1181960,640.0
1181992,640.0
1182024,640.0
1182056,640.0
1182088,640.0
1182120,640.0
1182152,640.0
1182184,640.0
1182216,640.0
1182248,640.0
1182280,640.0
1182312,640.0
1182344,640.0
1182377,660.0
1182409,640.0
1182441,640.0
1182473,640.0
1182505,640.0
1182537,640.0
1182569,640.0
1182601,640.0
1182633,640.0
1182665,640.0
1182697,640.0
1182729,640.0
1182761,640.0
1182793,640.0
1182825,640.0
1182857,640.0
1182889,640.0
1182921,640.0
1182953,640.0
1182985,640.0
1183017,640.0
1183049,640.0
1183082,660.0
1183114,640.0
1183146,640.0
1183178,640.0
1183210,640.0
1183242,640.0
1183275,660.0
1183307,640.0
1183339,640.0
1183371,640.0
1183403,640.0
1183435,640.0
1183467,640.0
1183499,640.0
1183531,640.0
1183563,640.0
1183595,640.0
1183627,640.0
1183659,640.0
1183691,640.0
1183723,640.0
1183755,640.0
1183787,640.0
1183819,640.0
1183851,640.0
1183883,640.0
1183915,640.0
1183947,640.0
1183979,640.0
1184011,640.0
1184043,640.0
1184075,640.0
1184107,640.0
1184139,640.0
1184171,640.0
1184203,640.0
1184235,640.0
1184267,640.0
1184299,640.0
1184331,640.0
1184363,640.0
1184395,640.0
1184427,640.0
1184459,640.0
1184490,620.0
1184554,1280.0
1184555,20.0
1184586,620.0
1184618,640.0
1184650,640.0
1184682,640.0
1184714,640.0
1184746,640.0
1184777,620.0
1184809,640.0
1184841,640.0
1184873,640.0
1184905,640.0
1184937,640.0
1184969,640.0
1185001,640.0
1185033,640.0
1185065,640.0
1185097,640.0
1185129,640.0
1185161,640.0
1185193,640.0
1185225,640.0
1185289,1280.0
1185321,640.0
1185322,20.0
1185353,620.0
1185386,660.0
1185418,640.0
1185450,640.0
1185482,640.0
1185514,640.0
1185546,640.0
1185579,660.0
1185611,640.0
1185643,640.0
1185675,640.0
1185707,640.0
1185739,640.0
1185771,640.0
1185803,640.0
1185834,620.0
1185866,640.0
1185898,640.0
1185930,640.0
1185962,640.0
1185994,640.0
1186026,640.0
1186057,620.0
1186089,640.0
1186121,640.0
1186153,640.0
1186185,640.0
1186217,640.0
1186249,640.0
1186281,640.0
1186313,640.0
1186345,640.0
1186377,640.0
1186409,640.0
1186442,660.0
1186474,640.0
1186506,640.0
1186538,640.0
1186571,660.0
1186603,640.0
1186635,640.0
1186668,660.0
1186700,640.0
1186732,640.0
1186764,640.0
1186796,640.0
1186828,640.0
1186860,640.0
1186892,640.0
1186924,640.0
1186956,640.0
1186988,640.0
1187020,640.0
1187052,640.0
1187084,640.0
1187116,640.0
1187148,640.0
1187181,660.0
1187213,640.0
1187245,640.0
1187277,640.0
1187309,640.0
1187341,640.0
1187373,640.0
1187437,1280.0
1187438,20.0
1187470,640.0
1187502,640.0
1187534,640.0
1187566,640.0
1187598,640.0
1187630,640.0
1187662,640.0
1187695,660.0
1187727,640.0
1187759,640.0
1187791,640.0
1187823,640.0
1187855,640.0
1187887,640.0
1187920,660.0
1187952,640.0
1187984,640.0
1188016,640.0
1188048,640.0
1188112,1280.0
1188113,20.0
1188145,640.0
1188177,640.0
1188209,640.0
1188241,640.0
1188273,640.0
1188337,1280.0
1188338,20.0
1188370,640.0
1188402,640.0
1188434,640.0
1188467,660.0
1188499,640.0
1188531,640.0
1188564,660.0
1188596,640.0
1188628,640.0
1188660,640.0
1188692,640.0
1188724,640.0
1188756,640.0
1188789,660.0
1188820,620.0
1188852,640.0
1188884,640.0
1188916,640.0
1188948,640.0
1188980,640.0
1189012,640.0
1189044,640.0
1189076,640.0
1189108,640.0
1189140,640.0
1189172,640.0
1189204,640.0
1189236,640.0
1189269,660.0
1189301,640.0
1189333,640.0
1189365,640.0
1189397,640.0
1189430,660.0
1189462,640.0
1189494,640.0
1189526,640.0
1189559,660.0
1189591,640.0
1189623,640.0
1189655,640.0
1189688,660.0
1189720,640.0
1189752,640.0
1189784,640.0
1189816,640.0
1189848,640.0
1189880,640.0
1189912,640.0
1189944,640.0
1189976,640.0
1190008,640.0
1190040,640.0
1190072,640.0
1190104,640.0
1190136,640.0
1190169,660.0
1190201,640.0
1190233,640.0
1190265,640.0
1190297,640.0
1190329,640.0
1190361,640.0
1190393,640.0
1190425,640.0
1190457,640.0
1190489,640.0
1190521,640.0
1190553,640.0
1190585,640.0
1190617,640.0
1190649,640.0
1190681,640.0
1190713,640.0
1190745,640.0
1190777,640.0
1190809,640.0
1190841,640.0
1190873,640.0
1190905,640.0
1190937,640.0
1190969,640.0
1191002,660.0
1191034,640.0
1191066,640.0
1191098,640.0
1191130,640.0
1191162,640.0
1191195,660.0
1191227,640.0
1191259,640.0
1191291,640.0
1191323,640.0
1191355,640.0
1191388,660.0
1191420,640.0
1191452,640.0
1191484,640.0
1191516,640.0
1191548,640.0
1191580,640.0
1191612,640.0
1191644,640.0
1191676,640.0
1191708,640.0
1191740,640.0
1191772,640.0
1191804,640.0
1191836,640.0
1191868,640.0
1191900,640.0
1191932,640.0
1191965,660.0
1191997,640.0
1192029,640.0
1192061,640.0
1192093,640.0
1192125,640.0
1192157,640.0
1192189,640.0
1192221,640.0
1192253,640.0
1192285,640.0
1192317,640.0
1192349,640.0
1192381,640.0
1192413,640.0
1192445,640.0
1192477,640.0
1192509,640.0
1192541,640.0
1192573,640.0
1192605,640.0
1192638,660.0
1192670,640.0
1192702,640.0
1192734,640.0
1192766,640.0
1192798,640.0
1192830,640.0
1192862,640.0
1192894,640.0
1192926,640.0
1192958,640.0
1192991,660.0
1193023,640.0
1193055,640.0
1193087,640.0
1193119,640.0
1193151,640.0
1193183,640.0
1193215,640.0
1193247,640.0
1193279,640.0
1193311,640.0
1193343,640.0
1193375,640.0
1193407,640.0
1193439,640.0
1193471,640.0
1193503,640.0
1193535,640.0
1193567,640.0
1193599,640.0
1193631,640.0
1193663,640.0
1193695,640.0
1193727,640.0
1193759,640.0
1193790,620.0
1193822,640.0
1193854,640.0
1193887,660.0
1193950,1260.0
1193951,20.0
1193982,620.0
1194015,660.0
1194047,640.0
1194079,640.0
1194111,640.0
1194143,640.0
1194175,640.0
1194207,640.0
1194239,640.0
1194272,660.0
1194304,640.0
1194336,640.0
1194368,640.0
1194400,640.0
1194432,640.0
1194464,640.0
1194496,640.0
1194528,640.0
1194560,640.0
1194592,640.0
1194625,660.0
1194657,640.0
1194689,640.0
1194721,640.0
1194753,640.0
1194785,640.0
1194817,640.0
1194849,640.0
1194881,640.0
1194913,640.0
1194945,640.0
1194977,640.0
1195009,640.0
1195041,640.0
1195073,640.0
1195105,640.0
1195137,640.0
1195169,640.0
1195201,640.0
1195232,620.0
1195264,640.0
1195296,640.0
1195328,640.0
1195360,640.0
1195392,640.0
1195424,640.0
1195456,640.0
1195488,640.0
1195520,640.0
1195552,640.0
1195584,640.0
1195616,640.0
1195649,660.0
1195681,640.0
1195713,640.0
1195745,640.0
1195777,640.0
1195809,640.0
1195841,640.0
1195873,640.0
1195906,660.0
1195937,620.0
1195970,660.0
1196002,640.0
1196034,640.0
1196066,640.0
1196098,640.0
1196130,640.0
1196162,640.0
1196194,640.0
1196226,640.0
1196258,640.0
1196290,640.0
1196322,640.0
1196354,640.0
1196386,640.0
1196418,640.0
1196450,640.0
1196482,640.0
1196514,640.0
1196547,660.0
1196579,640.0
1196611,640.0
1196643,640.0
1196675,640.0
1196708,660.0
1196740,640.0
1196772,640.0
1196804,640.0
1196837,660.0
1196869,640.0
1196902,660.0
1196934,640.0
1196966,640.0
1196998,640.0
1197031,660.0
1197063,640.0
1197095,640.0
1197127,640.0
1197159,640.0
1197191,640.0
1197223,640.0
1197255,640.0
1197287,640.0
1197319,640.0
1197351,640.0
1197383,640.0
1197416,660.0
1197448,640.0
1197480,640.0
1197512,640.0
1197544,640.0
1197576,640.0
1197608,640.0
1197641,660.0
1197673,640.0
1197705,640.0
1197737,640.0
1197769,640.0
1197801,640.0
1197865,1280.0
1197866,20.0
1197898,640.0
1197930,640.0
1197962,640.0
1197994,640.0
1198026,640.0
1198058,640.0
1198090,640.0
1198122,640.0
1198155,660.0
1198187,640.0
1198219,640.0
1198251,640.0
1198283,640.0
1198315,640.0
1198347,640.0
1198379,640.0
1198411,640.0
1198443,640.0
1198475,640.0
1198507,640.0
1198539,640.0
1198571,640.0
1198603,640.0
1198635,640.0
1198667,640.0
1198699,640.0
1198731,640.0
1198762,620.0
1198794,640.0
1198827,660.0
1198859,640.0
1198891,640.0
1198923,640.0
1198955,640.0
1198987,640.0
1199019,640.0
1199052,660.0
1199084,640.0
1199116,640.0
1199148,640.0
1199180,640.0
1199213,660.0
1199245,640.0
1199277,640.0
1199309,640.0
1199341,640.0
1199373,640.0
1199406,660.0
1199438,640.0
1199470,640.0
1199502,640.0
1199534,640.0
1199566,640.0
1199630,1280.0
1199631,20.0
1199663,640.0
1199695,640.0
1199727,640.0
1199759,640.0
1199791,640.0
1199823,640.0
1199856,660.0
1199888,640.0
1199921,660.0
1199953,640.0
