# session 22
-16
15
-65
86
517
750
638
498
429
319
187
85
-13
-100
-156
-193
-218
-227
-228
-228
-227
-225
-219
-212
-208
-208
-210
-209
-207
-208
-212
-216
-219
-221
-222
-225
-228
-227
-223
-221
-218
-211
-203
-197
-191
-183
-176
-171
-167
-161
-155
-149
-143
-140
-142
-145
-154
-163
-154
-122
-81
-42
-22
-31
-60
-86
-97
-104
-111
-93
-79
-110
-99
-59
-150
-222
93
957
2321
3314
2513
430
-661
-355
-119
-279
-265
-185
-223
-213
-166
-156
-127
-87
-70
-42
-2
38
86
137
188
258
345
426
499
561
600
619
625
612
576
518
434
334
229
121
15
-78
-152
-201
-231
-252
-265
-267
-267
-263
-254
-250
-254
-255
-254
-261
-269
-270
-275
-285
-284
-281
-293
-306
-304
-301
-307
-305
-299
-299
-290
-269
-264
-271
-267
-257
-255
-252
-239
-224
-213
-214
-229
-248
-242
-207
-168
-133
-100
-90
-117
-151
-157
-156
-168
-163
-154
-171
-142
-101
-180
-218
84
912
2333
3369
2404
124
-930
-475
-193
-341
-281
-182
-227
-207
-154
-158
-131
-78
-58
-31
18
63
106
164
230
298
367
446
535
611
654
664
648
611
557
483
387
281
173
65
-36
-122
-189
-234
-260
-276
-288
-287
-270
-258
-262
-265
-258
-251
-251
-252
-254
-260
-268
-274
-275
-278
-285
-291
-294
-299
-302
-297
-289
-286
-284
-278
-267
-258
-252
-251
-251
-246
-239
-240
-248
-244
-215
-176
-140
-111
-100
-121
-157
-165
-153
-164
-165
-141
-158
-167
-109
-155
-282
-108
600
1899
3254
3087
1056
-607
-568
-161
-272
-325
-213
-231
-244
-182
-169
-160
-114
-89
-70
-25
21
67
125
192
268
357
454
548
629
683
709
711
689
638
556
448
333
219
97
-22
-118
-189
-247
-289
-312
-321
-320
-313
-307
-301
-294
-287
-280
-272
-269
-269
-268
-269
-274
-279
-281
-284
-287
-288
-287
-284
-282
-280
-273
-266
-265
-261
-250
-242
-238
-231
-221
-213
-209
-209
-218
-230
-227
-199
-151
-108
-87
-87
-106
-140
-153
-142
-148
-156
-137
-146
-159
-109
-136
-259
-132
501
1684
2961
2944
1162
-483
-573
-172
-234
-306
-208
-213
-232
-176
-157
-151
-113
-88
-66
-21
20
57
110
172
238
316
407
495
567
618
647
651
635
598
531
439
338
237
130
17
-85
-158
-208
-247
-275
-285
-282
-274
-270
-268
-263
-253
-244
-241
-242
-241
-239
-242
-244
-245
-252
-256
-252
-251
-256
-258
-260
-263
-259
-252
-250
-243
-230
-225
-229
-228
-215
-202
-201
-210
-220
-229
-230
-206
-157
-107
-82
-88
-114
-141
-156
-154
-158
-163
-145
-152
-179
-137
-121
-232
-210
246
1287
2711
3203
1689
-318
-774
-284
-210
-334
-247
-209
-243
-206
-168
-152
-120
-100
-86
-46
1
42
90
149
215
282
360
452
538
593
618
631
634
616
565
490
403
301
184
70
-32
-125
-202
-252
-277
-285
-285
-283
-275
-267
-272
-279
-268
-260
-270
-274
-269
-276
-286
-287
-295
-303
-296
-298
-319
-323
-306
-302
-303
-289
-276
-278
-279
-282
-293
-285
-246
-202
-164
-137
-140
-169
-196
-204
-199
-201
-193
-176
-195
-195
-138
-179
-287
-117
580
1896
3182
2800
624
-940
-723
-231
-299
-308
-190
-218
-213
-137
-141
-146
-93
-47
-9
25
47
99
175
232
292
381
469
546
635
709
727
707
679
623
526
419
312
190
57
-59
-149
-219
-274
-313
-316
-293
-296
-326
-328
-303
-290
-289
-287
-282
-271
-269
-280
-282
-287
-304
-300
-285
-297
-308
-299
-306
-314
-296
-288
-299
-287
-264
-265
-261
-226
-187
-164
-167
-198
-219
-206
-206
-219
-201
-199
-212
-169
-178
-276
-151
492
1701
2900
2662
700
-904
-811
-260
-251
-303
-205
-194
-198
-151
-132
-114
-80
-57
-24
22
64
116
179
233
294
391
512
614
682
732
760
751
716
654
546
411
293
182
54
-71
-162
-230
-285
-317
-333
-342
-338
-329
-326
-317
-299
-288
-285
-276
-268
-270
-278
-284
-286
-292
-302
-302
-297
-311
-326
-310
-292
-301
-311
-303
-294
-286
-277
-263
-228
-180
-166
-195
-227
-226
-218
-232
-227
-205
-225
-218
-163
-242
-350
-89
735
2155
3444
2927
666
-831
-595
-209
-350
-367
-256
-284
-285
-225
-218
-204
-153
-122
-95
-47
1
44
97
169
255
350
455
561
646
696
714
711
685
625
529
412
290
163
30
-91
-185
-255
-306
-335
-347
-348
-347
-347
-345
-336
-325
-318
-313
-310
-305
-301
-301
-301
-300
-303
-307
-306
-306
-310
-315
-325
-334
-326
-309
-295
-264
-218
-193
-206
-233
-242
-230
-233
-237
-210
-209
-235
-186
-183
-338
-312
259
1474
3029
3530
1904
-227
-747
-297
-263
-396
-307
-279
-313
-260
-225
-226
-190
-153
-128
-87
-43
0
60
130
204
295
403
506
595
660
694
699
683
639
556
445
325
200
69
-53
-152
-224
-275
-308
-329
-340
-343
-340
-331
-322
-314
-307
-299
-293
-289
-287
-287
-287
-290
-292
-291
-290
-290
-290
-288
-284
-280
-277
-271
-262
-256
-258
-267
-271
-259
-236
-206
-167
-136
-133
-155
-173
-165
-162
-178
-164
-148
-180
-161
-116
-232
-302
104
1095
2486
3332
2350
272
-698
-366
-172
-322
-291
-225
-262
-234
-184
-184
-162
-121
-98
-68
-25
14
60
120
187
260
346
438
524
590
633
652
646
619
568
484
376
264
151
35
-72
-156
-215
-255
-281
-294
-297
-296
-295
-293
-288
-282
-278
-275
-272
-268
-266
-266
-267
-267
-270
-273
-276
-278
-279
-276
-274
-273
-268
-257
-250
-247
-246
-239
-229
-228
-243
-257
-249
-228
-203
-168
-128
-109
-123
-153
-163
-155
-161
-161
-138
-153
-165
-111
-149
-276
-118
564
1772
2997
2876
1061
-505
-539
-161
-240
-305
-215
-227
-235
-173
-159
-160
-124
-94
-67
-29
7
50
103
152
213
297
380
448
515
574
601
597
580
550
490
408
322
222
103
-12
-97
-157
-202
-236
-263
-281
-283
-275
-268
-265
-263
-263
-263
-257
-254
-261
-265
-260
-264
-275
-277
-281
-292
-293
-282
-278
-280
-278
-275
-265
-245
-242
-264
-275
-258
-247
-246
-219
-170
-140
-151
-180
-184
-170
-190
-208
-180
-182
-201
-154
-179
-297
-181
422
1657
3080
3077
1094
-683
-701
-220
-283
-349
-230
-238
-264
-205
-177
-163
-125
-105
-83
-39
-6
25
86
153
206
276
375
460
511
549
578
588
581
550
491
415
328
219
99
-5
-93
-174
-238
-265
-266
-273
-290
-296
-284
-272
-266
-261
-258
-257
-255
-255
-262
-270
-274
-281
-293
-291
-284
-295
-308
-306
-310
-314
-292
-269
-264
-241
-198
-188
-219
-243
-237
-233
-227
-200
-212
-253
-207
-164
-265
-274
151
1237
2790
3363
1737
-461
-958
-379
-256
-378
-286
-247
-274
-216
-182
-188
-156
-121
-87
-33
5
28
82
160
229
298
390
491
563
602
631
646
630
577
496
398
298
191
71
-38
-127
-206
-268
-291
-297
-310
-315
-305
-297
-295
-287
-267
-248
-252
-269
-272
-267
-276
-286
-285
-287
-291
-289
-296
-318
-326
-304
-284
-289
-285
-247
-213
-209
-221
-235
-233
-227
-247
-242
-197
-213
-239
-183
-217
-332
-150
579
1926
3258
2907
704
-901
-699
-230
-340
-367
-236
-254
-259
-190
-180
-178
-140
-118
-91
-38
7
52
122
197
265
342
436
524
585
623
649
661
636
561
456
350
245
132
14
-98
-190
-249
-281
-305
-325
-331
-321
-310
-310
-308
-289
-270
-274
-282
-278
-278
-284
-283
-283
-293
-307
-310
-305
-309
-324
-321
-298
-292
-296
-266
-221
-206
-218
-236
-246
-245
-247
-235
-220
-240
-218
-163
-258
-366
-87
770
2224
3460
2804
509
-867
-557
-203
-354
-347
-242
-287
-279
-205
-200
-192
-140
-106
-87
-44
4
46
103
183
269
355
448
534
595
635
659
658
626
563
470
359
246
131
16
-87
-168
-231
-279
-302
-306
-310
-313
-305
-294
-290
-285
-276
-272
-272
-273
-275
-276
-275
-281
-285
-285
-290
-300
-302
-297
-295
-298
-304
-306
-296
-278
-254
-218
-186
-179
-201
-228
-228
-217
-230
-225
-196
-217
-220
-161
-234
-365
-125
693
2082
3375
2988
849
-690
-556
-195
-333
-370
-268
-295
-299
-238
-227
-216
-173
-144
-117
-75
-32
18
80
146
223
314
408
496
570
615
632
630
610
560
479
376
262
143
26
-85
-178
-243
-285
-312
-326
-329
-328
-324
-316
-307
-300
-293
-287
-284
-283
-282
-280
-280
-283
-286
-290
-292
-291
-289
-289
-286
-281
-286
-293
-286
-269
-252
-222
-180
-155
-161
-183
-196
-189
-188
-196
-176
-171
-199
-160
-136
-272
-289
197
1280
2724
3363
2044
-21
-705
-295
-195
-340
-274
-227
-265
-228
-185
-182
-153
-118
-97
-61
-20
19
71
132
197
276
362
445
519
575
607
616
608
575
513
425
324
218
106
-8
-104
-175
-229
-265
-283
-290
-291
-286
-280
-280
-278
-271
-267
-265
-264
-265
-265
-265
-269
-274
-275
-272
-273
-276
-278
-276
-272
-267
-264
-260
-255
-250
-242
-236
-243
-257
-258
-244
-221
-184
-140
-119
-129
-153
-167
-163
-164
-165
-145
-153
-178
-136
-139
-272
-215
349
1474
2815
3108
1551
-280
-624
-206
-204
-318
-231
-214
-248
-199
-167
-170
-142
-109
-83
-48
-17
14
66
128
184
244
318
394
463
518
546
545
533
514
469
397
323
246
144
25
-76
-146
-197
-229
-244
-254
-263
-263
-256
-252
-247
-237
-236
-248
-259
-262
-262
-263
-268
-276
-278
-268
-266
-283
-292
-278
-272
-290
-305
-298
-288
-285
-262
-210
-168
-171
-203
-221
-215
-220
-239
-219
-200
-238
-222
-154
-233
-337
-80
766
2227
3349
2500
228
-917
-492
-187
-362
-335
-232
-278
-264
-198
-188
-161
-117
-108
-86
-36
3
44
102
165
234
308
380
453
513
533
531
536
531
493
427
343
246
145
49
-45
-141
-220
-255
-259
-268
-278
-266
-251
-254
-258
-251
-250
-259
-257
-248
-254
-275
-289
-290
-288
-289
-291
-296
-307
-310
-307
-302
-273
-226
-204
-209
-216
-229
-241
-243
-240
-222
-211
-235
-223
-194
-261
-273
85
1081
2639
3437
2056
-223
-963
-434
-253
-379
-285
-240
-294
-235
-183
-201
-170
-122
-109
-74
-16
28
76
139
195
259
345
432
502
548
567
573
570
539
476
386
282
185
86
-35
-142
-196
-231
-278
-307
-301
-285
-280
-282
-281
-270
-261
-267
-276
-272
-270
-278
-287
-296
-308
-313
-312
-318
-322
-315
-313
-313
-287
-243
-220
-235
-267
-273
-254
-256
-257
-238
-256
-264
-204
-236
-340
-184
483
1844
3320
3111
908
-791
-666
-235
-359
-386
-259
-296
-314
-246
-228
-213
-164
-143
-125
-76
-24
26
81
139
207
290
376
455
517
550
560
562
549
498
414
320
225
121
7
-95
-168
-221
-267
-295
-299
-297
-295
-284
-271
-266
-265
-261
-256
-257
-267
-275
-279
-284
-294
-307
-318
-315
-305
-304
-295
-257
-219
-217
-244
-263
-255
-249
-257
-244
-231
-253
-227
-184
-293
-379
-58
899
2469
3566
2598
313
-786
-435
-226
-396
-364
-290
-331
-306
-252
-249
-226
-183
-158
-124
-78
-32
19
80
148
227
313
401
478
531
557
566
559
527
465
379
277
168
56
-51
-143
-214
-265
-298
-314
-318
-314
-309
-302
-295
-287
-283
-282
-280
-280
-281
-282
-283
-288
-299
-314
-322
-318
-311
-297
-260
-219
-206
-225
-254
-261
-249
-252
-252
-230
-242
-251
-195
-229
-365
-247
435
1796
3262
3204
1207
-541
-609
-227
-330
-405
-307
-318
-327
-265
-249
-244
-201
-168
-142
-101
-59
-14
43
104
171
249
331
405
460
495
511
511
491
449
381
291
192
90
-13
-108
-185
-239
-273
-292
-297
-294
-288
-282
-278
-273
-269
-264
-259
-256
-257
-257
-258
-261
-264
-268
-270
-272
-282
-293
-292
-280
-264
-228
-181
-158
-174
-201
-208
-197
-201
-207
-191
-195
-201
-145
-158
-297
-247
330
1602
3114
3298
1477
-391
-617
-202
-258
-359
-253
-245
-282
-235
-205
-199
-166
-137
-116
-79
-38
3
54
111
168
230
298
368
426
464
484
485
468
437
391
323
235
139
43
-46
-124
-187
-229
-248
-259
-272
-272
-263
-265
-275
-267
-246
-242
-255
-265
-271
-277
-283
-286
-289
-289
-297
-316
-320
-299
-280
-270
-244
-209
-202
-230
-249
-240
-243
-257
-241
-233
-243
-209
-214
-296
-231
249
1437
3012
3257
1326
-651
-808
-282
-312
-412
-291
-267
-289
-250
-244
-231
-176
-149
-128
-74
-34
-12
38
111
176
237
306
376
430
463
474
473
469
445
381
300
223
136
32
-65
-148
-214
-251
-268
-286
-293
-282
-275
-275
-267
-253
-249
-260
-274
-277
-273
-279
-291
-295
-302
-312
-312
-305
-293
-260
-219
-209
-234
-258
-261
-261
-265
-247
-238
-255
-226
-203
-284
-275
101
1072
2609
3422
2066
-184
-906
-391
-238
-387
-303
-245
-293
-254
-205
-205
-173
-127
-105
-75
-32
15
69
129
194
267
340
410
473
514
533
542
532
493
428
348
257
160
62
-30
-109
-171
-214
-240
-252
-256
-253
-245
-233
-223
-219
-216
-213
-213
-216
-221
-226
-231
-236
-250
-271
-282
-275
-267
-255
-221
-183
-179
-207
-229
-223
-217
-226
-213
-204
-229
-207
-170
-267
-336
-29
896
2410
3390
2351
169
-781
-406
-224
-382
-339
-276
-320
-295
-246
-246
-223
-182
-159
-128
-85
-46
1
57
118
189
269
345
405
445
466
469
456
429
376
296
205
111
8
-96
-178
-239
-286
-318
-331
-332
-328
-326
-323
-314
-305
-302
-303
-300
-296
-297
-301
-305
-307
-307
-307
-307
-305
-309
-323
-327
-315
-300
-279
-238
-198
-189
-212
-234
-231
-224
-231
-216
-203
-227
-205
-166
-266
-348
-30
941
2451
3346
2258
134
-751
-370
-195
-351
-313
-248
-282
-255
-209
-212
-194
-158
-133
-102
-66
-32
11
60
114
176
